At time 1697361171.73549289
- Translation: [0.000, 0.000, 0.000]
- Rotation: in Quaternion [0.000, 0.000, -0.707, 0.707]
- Rotation: in RPY (radian) [0.000, 0.000, -1.571]
- Rotation: in RPY (degree) [0.000, 0.000, -89.997]
- Matrix:
  0.000  1.000  0.000  0.000
 -1.000  0.000 -0.000  0.000
 -0.000  0.000  1.000  0.000
  0.000  0.000  0.000  1.000
At time 1697361172.81393513
- Translation: [0.000, 0.000, 0.000]
- Rotation: in Quaternion [0.000, 0.000, -0.707, 0.707]
- Rotation: in RPY (radian) [0.000, 0.000, -1.571]
- Rotation: in RPY (degree) [0.000, 0.000, -89.997]
- Matrix:
  0.000  1.000  0.000  0.000
 -1.000  0.000 -0.000  0.000
 -0.000  0.000  1.000  0.000
  0.000  0.000  0.000  1.000
At time 1697361173.74156147
- Translation: [0.000, 0.000, 0.000]
- Rotation: in Quaternion [0.000, 0.000, -0.707, 0.707]
- Rotation: in RPY (radian) [0.000, 0.000, -1.571]
- Rotation: in RPY (degree) [0.000, 0.000, -89.997]
- Matrix:
  0.000  1.000  0.000  0.000
 -1.000  0.000 -0.000  0.000
 -0.000  0.000  1.000  0.000
  0.000  0.000  0.000  1.000
At time 1697361174.81513290
- Translation: [0.000, 0.000, 0.000]
- Rotation: in Quaternion [0.000, 0.000, -0.707, 0.707]
- Rotation: in RPY (radian) [0.000, 0.000, -1.571]
- Rotation: in RPY (degree) [0.000, 0.000, -89.997]
- Matrix:
  0.000  1.000  0.000  0.000
 -1.000  0.000 -0.000  0.000
 -0.000  0.000  1.000  0.000
  0.000  0.000  0.000  1.000
At time 1697361175.73670155
- Translation: [0.000, 0.000, 0.000]
- Rotation: in Quaternion [0.000, 0.000, -0.707, 0.707]
- Rotation: in RPY (radian) [0.000, 0.000, -1.571]
- Rotation: in RPY (degree) [0.000, 0.000, -89.997]
- Matrix:
  0.000  1.000  0.000  0.000
 -1.000  0.000 -0.000  0.000
 -0.000  0.000  1.000  0.000
  0.000  0.000  0.000  1.000
At time 1697361176.82119196
- Translation: [0.000, 0.000, 0.000]
- Rotation: in Quaternion [0.000, 0.000, -0.707, 0.707]
- Rotation: in RPY (radian) [0.000, 0.000, -1.571]
- Rotation: in RPY (degree) [0.000, 0.000, -89.997]
- Matrix:
  0.000  1.000  0.000  0.000
 -1.000  0.000 -0.000  0.000
 -0.000  0.000  1.000  0.000
  0.000  0.000  0.000  1.000
At time 1697361177.74006715
- Translation: [0.000, 0.000, 0.000]
- Rotation: in Quaternion [0.000, 0.000, -0.707, 0.707]
- Rotation: in RPY (radian) [0.000, 0.000, -1.571]
- Rotation: in RPY (degree) [0.000, 0.000, -89.997]
- Matrix:
  0.000  1.000  0.000  0.000
 -1.000  0.000 -0.000  0.000
 -0.000  0.000  1.000  0.000
  0.000  0.000  0.000  1.000
At time 1697361178.82012035
- Translation: [0.000, 0.000, 0.000]
- Rotation: in Quaternion [0.000, 0.000, -0.707, 0.707]
- Rotation: in RPY (radian) [0.000, 0.000, -1.571]
- Rotation: in RPY (degree) [0.000, 0.000, -89.997]
- Matrix:
  0.000  1.000  0.000  0.000
 -1.000  0.000 -0.000  0.000
 -0.000  0.000  1.000  0.000
  0.000  0.000  0.000  1.000
At time 1697361179.73462409
- Translation: [0.000, 0.000, 0.000]
- Rotation: in Quaternion [0.000, 0.000, -0.707, 0.707]
- Rotation: in RPY (radian) [0.000, 0.000, -1.571]
- Rotation: in RPY (degree) [0.000, 0.000, -89.997]
- Matrix:
  0.000  1.000  0.000  0.000
 -1.000  0.000 -0.000  0.000
 -0.000  0.000  1.000  0.000
  0.000  0.000  0.000  1.000
At time 1697361180.81370328
- Translation: [0.000, 0.000, 0.000]
- Rotation: in Quaternion [0.000, 0.000, -0.707, 0.707]
- Rotation: in RPY (radian) [0.000, 0.000, -1.571]
- Rotation: in RPY (degree) [0.000, 0.000, -89.997]
- Matrix:
  0.000  1.000  0.000  0.000
 -1.000  0.000 -0.000  0.000
 -0.000  0.000  1.000  0.000
  0.000  0.000  0.000  1.000
At time 1697361181.73958719
- Translation: [0.000, 0.000, 0.000]
- Rotation: in Quaternion [0.000, 0.000, -0.707, 0.707]
- Rotation: in RPY (radian) [0.000, 0.000, -1.571]
- Rotation: in RPY (degree) [0.000, 0.000, -89.997]
- Matrix:
  0.000  1.000  0.000  0.000
 -1.000  0.000 -0.000  0.000
 -0.000  0.000  1.000  0.000
  0.000  0.000  0.000  1.000
At time 1697361182.81635058
- Translation: [0.000, 0.000, 0.000]
- Rotation: in Quaternion [0.000, 0.000, -0.707, 0.707]
- Rotation: in RPY (radian) [0.000, 0.000, -1.571]
- Rotation: in RPY (degree) [0.000, 0.000, -89.997]
- Matrix:
  0.000  1.000  0.000  0.000
 -1.000  0.000 -0.000  0.000
 -0.000  0.000  1.000  0.000
  0.000  0.000  0.000  1.000
At time 1697361183.73834657
- Translation: [0.000, 0.000, 0.000]
- Rotation: in Quaternion [0.000, 0.000, -0.707, 0.707]
- Rotation: in RPY (radian) [0.000, 0.000, -1.571]
- Rotation: in RPY (degree) [0.000, 0.000, -89.997]
- Matrix:
  0.000  1.000  0.000  0.000
 -1.000  0.000 -0.000  0.000
 -0.000  0.000  1.000  0.000
  0.000  0.000  0.000  1.000
At time 1697361184.82168122
- Translation: [0.000, 0.000, 0.000]
- Rotation: in Quaternion [0.000, 0.000, -0.707, 0.707]
- Rotation: in RPY (radian) [0.000, 0.000, -1.571]
- Rotation: in RPY (degree) [0.000, 0.000, -89.997]
- Matrix:
  0.000  1.000  0.000  0.000
 -1.000  0.000 -0.000  0.000
 -0.000  0.000  1.000  0.000
  0.000  0.000  0.000  1.000
At time 1697361185.73751816
- Translation: [0.000, 0.000, 0.000]
- Rotation: in Quaternion [0.000, 0.000, -0.707, 0.707]
- Rotation: in RPY (radian) [0.000, 0.000, -1.571]
- Rotation: in RPY (degree) [0.000, 0.000, -89.997]
- Matrix:
  0.000  1.000  0.000  0.000
 -1.000  0.000 -0.000  0.000
 -0.000  0.000  1.000  0.000
  0.000  0.000  0.000  1.000
At time 1697361186.82271027
- Translation: [0.000, 0.000, 0.000]
- Rotation: in Quaternion [0.000, 0.000, -0.707, 0.707]
- Rotation: in RPY (radian) [0.000, 0.000, -1.571]
- Rotation: in RPY (degree) [0.000, 0.000, -89.997]
- Matrix:
  0.000  1.000  0.000  0.000
 -1.000  0.000 -0.000  0.000
 -0.000  0.000  1.000  0.000
  0.000  0.000  0.000  1.000
At time 1697361187.74079042
- Translation: [0.000, 0.000, 0.000]
- Rotation: in Quaternion [0.000, 0.000, -0.707, 0.707]
- Rotation: in RPY (radian) [0.000, 0.000, -1.571]
- Rotation: in RPY (degree) [0.000, 0.000, -89.997]
- Matrix:
  0.000  1.000  0.000  0.000
 -1.000  0.000 -0.000  0.000
 -0.000  0.000  1.000  0.000
  0.000  0.000  0.000  1.000
At time 1697361188.81153309
- Translation: [0.000, 0.000, 0.000]
- Rotation: in Quaternion [0.000, 0.000, -0.707, 0.707]
- Rotation: in RPY (radian) [0.000, 0.000, -1.571]
- Rotation: in RPY (degree) [0.000, 0.000, -89.997]
- Matrix:
  0.000  1.000  0.000  0.000
 -1.000  0.000 -0.000  0.000
 -0.000  0.000  1.000  0.000
  0.000  0.000  0.000  1.000
At time 1697361189.73168770
- Translation: [0.000, 0.000, 0.000]
- Rotation: in Quaternion [0.000, 0.000, -0.707, 0.707]
- Rotation: in RPY (radian) [0.000, 0.000, -1.571]
- Rotation: in RPY (degree) [0.000, 0.000, -89.997]
- Matrix:
  0.000  1.000  0.000  0.000
 -1.000  0.000 -0.000  0.000
 -0.000  0.000  1.000  0.000
  0.000  0.000  0.000  1.000
At time 1697361190.81671365
- Translation: [0.000, 0.000, 0.000]
- Rotation: in Quaternion [0.000, 0.000, -0.707, 0.707]
- Rotation: in RPY (radian) [0.000, 0.000, -1.571]
- Rotation: in RPY (degree) [0.000, 0.000, -89.997]
- Matrix:
  0.000  1.000  0.000  0.000
 -1.000  0.000 -0.000  0.000
 -0.000  0.000  1.000  0.000
  0.000  0.000  0.000  1.000
At time 1697361191.73821249
- Translation: [0.000, 0.000, 0.000]
- Rotation: in Quaternion [0.000, 0.000, -0.707, 0.707]
- Rotation: in RPY (radian) [0.000, 0.000, -1.571]
- Rotation: in RPY (degree) [0.000, 0.000, -89.997]
- Matrix:
  0.000  1.000  0.000  0.000
 -1.000  0.000 -0.000  0.000
 -0.000  0.000  1.000  0.000
  0.000  0.000  0.000  1.000
At time 1697361192.81388722
- Translation: [0.000, 0.000, 0.000]
- Rotation: in Quaternion [0.000, 0.000, -0.707, 0.707]
- Rotation: in RPY (radian) [0.000, 0.000, -1.571]
- Rotation: in RPY (degree) [0.000, 0.000, -89.997]
- Matrix:
  0.000  1.000  0.000  0.000
 -1.000  0.000 -0.000  0.000
 -0.000  0.000  1.000  0.000
  0.000  0.000  0.000  1.000
At time 1697361193.74095802
- Translation: [0.000, 0.000, 0.000]
- Rotation: in Quaternion [0.000, 0.000, -0.707, 0.707]
- Rotation: in RPY (radian) [0.000, 0.000, -1.571]
- Rotation: in RPY (degree) [0.000, 0.000, -89.997]
- Matrix:
  0.000  1.000  0.000  0.000
 -1.000  0.000 -0.000  0.000
 -0.000  0.000  1.000  0.000
  0.000  0.000  0.000  1.000
At time 1697361194.81718789
- Translation: [0.000, 0.000, 0.000]
- Rotation: in Quaternion [0.000, 0.000, -0.707, 0.707]
- Rotation: in RPY (radian) [0.000, 0.000, -1.571]
- Rotation: in RPY (degree) [0.000, 0.000, -89.997]
- Matrix:
  0.000  1.000  0.000  0.000
 -1.000  0.000 -0.000  0.000
 -0.000  0.000  1.000  0.000
  0.000  0.000  0.000  1.000
At time 1697361195.73484939
- Translation: [0.000, 0.000, 0.000]
- Rotation: in Quaternion [0.000, 0.000, -0.707, 0.707]
- Rotation: in RPY (radian) [0.000, 0.000, -1.571]
- Rotation: in RPY (degree) [0.000, 0.000, -89.997]
- Matrix:
  0.000  1.000  0.000  0.000
 -1.000  0.000 -0.000  0.000
 -0.000  0.000  1.000  0.000
  0.000  0.000  0.000  1.000
At time 1697361196.81547216
- Translation: [0.000, 0.000, 0.000]
- Rotation: in Quaternion [0.000, 0.000, -0.707, 0.707]
- Rotation: in RPY (radian) [0.000, 0.000, -1.571]
- Rotation: in RPY (degree) [0.000, 0.000, -89.997]
- Matrix:
  0.000  1.000  0.000  0.000
 -1.000  0.000 -0.000  0.000
 -0.000  0.000  1.000  0.000
  0.000  0.000  0.000  1.000
At time 1697361197.73594640
- Translation: [0.000, 0.000, 0.000]
- Rotation: in Quaternion [0.000, 0.000, -0.707, 0.707]
- Rotation: in RPY (radian) [0.000, 0.000, -1.571]
- Rotation: in RPY (degree) [0.000, 0.000, -89.997]
- Matrix:
  0.000  1.000  0.000  0.000
 -1.000  0.000 -0.000  0.000
 -0.000  0.000  1.000  0.000
  0.000  0.000  0.000  1.000
At time 1697361198.81945148
- Translation: [0.000, 0.000, 0.000]
- Rotation: in Quaternion [0.000, 0.000, -0.707, 0.707]
- Rotation: in RPY (radian) [0.000, 0.000, -1.571]
- Rotation: in RPY (degree) [0.000, 0.000, -89.997]
- Matrix:
  0.000  1.000  0.000  0.000
 -1.000  0.000 -0.000  0.000
 -0.000  0.000  1.000  0.000
  0.000  0.000  0.000  1.000
At time 1697361199.74215021
- Translation: [0.000, 0.000, 0.000]
- Rotation: in Quaternion [0.000, 0.000, -0.707, 0.707]
- Rotation: in RPY (radian) [0.000, 0.000, -1.571]
- Rotation: in RPY (degree) [0.000, 0.000, -89.997]
- Matrix:
  0.000  1.000  0.000  0.000
 -1.000  0.000 -0.000  0.000
 -0.000  0.000  1.000  0.000
  0.000  0.000  0.000  1.000
At time 1697361200.82255438
- Translation: [0.000, 0.000, 0.000]
- Rotation: in Quaternion [0.000, 0.000, -0.707, 0.707]
- Rotation: in RPY (radian) [0.000, 0.000, -1.571]
- Rotation: in RPY (degree) [0.000, 0.000, -89.997]
- Matrix:
  0.000  1.000  0.000  0.000
 -1.000  0.000 -0.000  0.000
 -0.000  0.000  1.000  0.000
  0.000  0.000  0.000  1.000
At time 1697361201.73924306
- Translation: [0.000, 0.000, 0.000]
- Rotation: in Quaternion [0.000, 0.000, -0.707, 0.707]
- Rotation: in RPY (radian) [0.000, 0.000, -1.571]
- Rotation: in RPY (degree) [0.000, 0.000, -89.997]
- Matrix:
  0.000  1.000  0.000  0.000
 -1.000  0.000 -0.000  0.000
 -0.000  0.000  1.000  0.000
  0.000  0.000  0.000  1.000
At time 1697361202.81507999
- Translation: [0.000, 0.000, 0.000]
- Rotation: in Quaternion [0.000, 0.000, -0.707, 0.707]
- Rotation: in RPY (radian) [0.000, 0.000, -1.571]
- Rotation: in RPY (degree) [0.000, 0.000, -89.997]
- Matrix:
  0.000  1.000  0.000  0.000
 -1.000  0.000 -0.000  0.000
 -0.000  0.000  1.000  0.000
  0.000  0.000  0.000  1.000
At time 1697361203.74041080
- Translation: [0.000, 0.000, 0.000]
- Rotation: in Quaternion [0.000, 0.000, -0.707, 0.707]
- Rotation: in RPY (radian) [0.000, 0.000, -1.571]
- Rotation: in RPY (degree) [0.000, 0.000, -89.997]
- Matrix:
  0.000  1.000  0.000  0.000
 -1.000  0.000 -0.000  0.000
 -0.000  0.000  1.000  0.000
  0.000  0.000  0.000  1.000
At time 1697361204.82173116
- Translation: [0.000, 0.000, 0.000]
- Rotation: in Quaternion [0.000, 0.000, -0.707, 0.707]
- Rotation: in RPY (radian) [0.000, 0.000, -1.571]
- Rotation: in RPY (degree) [0.000, 0.000, -89.997]
- Matrix:
  0.000  1.000  0.000  0.000
 -1.000  0.000 -0.000  0.000
 -0.000  0.000  1.000  0.000
  0.000  0.000  0.000  1.000
At time 1697361205.74190331
- Translation: [0.000, 0.000, 0.000]
- Rotation: in Quaternion [0.000, 0.000, -0.707, 0.707]
- Rotation: in RPY (radian) [0.000, 0.000, -1.571]
- Rotation: in RPY (degree) [0.000, 0.000, -89.997]
- Matrix:
  0.000  1.000  0.000  0.000
 -1.000  0.000 -0.000  0.000
 -0.000  0.000  1.000  0.000
  0.000  0.000  0.000  1.000
At time 1697361206.81774373
- Translation: [0.000, 0.000, 0.000]
- Rotation: in Quaternion [0.000, 0.000, -0.707, 0.707]
- Rotation: in RPY (radian) [0.000, 0.000, -1.571]
- Rotation: in RPY (degree) [0.000, 0.000, -89.997]
- Matrix:
  0.000  1.000  0.000  0.000
 -1.000  0.000 -0.000  0.000
 -0.000  0.000  1.000  0.000
  0.000  0.000  0.000  1.000
At time 1697361207.74182520
- Translation: [0.000, 0.000, 0.000]
- Rotation: in Quaternion [0.000, 0.000, -0.707, 0.707]
- Rotation: in RPY (radian) [0.000, 0.000, -1.571]
- Rotation: in RPY (degree) [0.000, 0.000, -89.997]
- Matrix:
  0.000  1.000  0.000  0.000
 -1.000  0.000 -0.000  0.000
 -0.000  0.000  1.000  0.000
  0.000  0.000  0.000  1.000
At time 1697361208.81891337
- Translation: [0.000, 0.000, 0.000]
- Rotation: in Quaternion [0.000, 0.000, -0.707, 0.707]
- Rotation: in RPY (radian) [0.000, 0.000, -1.571]
- Rotation: in RPY (degree) [0.000, 0.000, -89.997]
- Matrix:
  0.000  1.000  0.000  0.000
 -1.000  0.000 -0.000  0.000
 -0.000  0.000  1.000  0.000
  0.000  0.000  0.000  1.000
At time 1697361209.74216631
- Translation: [0.000, 0.000, 0.000]
- Rotation: in Quaternion [0.000, 0.000, -0.707, 0.707]
- Rotation: in RPY (radian) [0.000, 0.000, -1.571]
- Rotation: in RPY (degree) [0.000, 0.000, -89.997]
- Matrix:
  0.000  1.000  0.000  0.000
 -1.000  0.000 -0.000  0.000
 -0.000  0.000  1.000  0.000
  0.000  0.000  0.000  1.000
At time 1697361210.81637707
- Translation: [0.000, 0.000, 0.000]
- Rotation: in Quaternion [0.000, 0.000, -0.707, 0.707]
- Rotation: in RPY (radian) [0.000, 0.000, -1.571]
- Rotation: in RPY (degree) [0.000, 0.000, -89.997]
- Matrix:
  0.000  1.000  0.000  0.000
 -1.000  0.000 -0.000  0.000
 -0.000  0.000  1.000  0.000
  0.000  0.000  0.000  1.000
At time 1697361211.73665072
- Translation: [0.000, 0.000, 0.000]
- Rotation: in Quaternion [0.000, 0.000, -0.707, 0.707]
- Rotation: in RPY (radian) [0.000, 0.000, -1.571]
- Rotation: in RPY (degree) [0.000, 0.000, -89.997]
- Matrix:
  0.000  1.000  0.000  0.000
 -1.000  0.000 -0.000  0.000
 -0.000  0.000  1.000  0.000
  0.000  0.000  0.000  1.000
At time 1697361212.82150149
- Translation: [0.000, 0.000, 0.000]
- Rotation: in Quaternion [0.000, 0.000, -0.707, 0.707]
- Rotation: in RPY (radian) [0.000, 0.000, -1.571]
- Rotation: in RPY (degree) [0.000, 0.000, -89.997]
- Matrix:
  0.000  1.000  0.000  0.000
 -1.000  0.000 -0.000  0.000
 -0.000  0.000  1.000  0.000
  0.000  0.000  0.000  1.000
At time 1697361213.73336493
- Translation: [0.000, 0.000, 0.000]
- Rotation: in Quaternion [0.000, 0.000, -0.707, 0.707]
- Rotation: in RPY (radian) [0.000, 0.000, -1.571]
- Rotation: in RPY (degree) [0.000, 0.000, -89.997]
- Matrix:
  0.000  1.000  0.000  0.000
 -1.000  0.000 -0.000  0.000
 -0.000  0.000  1.000  0.000
  0.000  0.000  0.000  1.000
At time 1697361214.81665781
- Translation: [0.000, 0.000, 0.000]
- Rotation: in Quaternion [0.000, 0.000, -0.707, 0.707]
- Rotation: in RPY (radian) [0.000, 0.000, -1.571]
- Rotation: in RPY (degree) [0.000, 0.000, -89.997]
- Matrix:
  0.000  1.000  0.000  0.000
 -1.000  0.000 -0.000  0.000
 -0.000  0.000  1.000  0.000
  0.000  0.000  0.000  1.000
At time 1697361215.73823147
- Translation: [0.000, 0.000, 0.000]
- Rotation: in Quaternion [0.000, 0.000, -0.707, 0.707]
- Rotation: in RPY (radian) [0.000, 0.000, -1.571]
- Rotation: in RPY (degree) [0.000, 0.000, -89.997]
- Matrix:
  0.000  1.000  0.000  0.000
 -1.000  0.000 -0.000  0.000
 -0.000  0.000  1.000  0.000
  0.000  0.000  0.000  1.000
At time 1697361216.82139575
- Translation: [0.000, 0.000, 0.000]
- Rotation: in Quaternion [0.000, 0.000, -0.707, 0.707]
- Rotation: in RPY (radian) [0.000, 0.000, -1.571]
- Rotation: in RPY (degree) [0.000, 0.000, -89.997]
- Matrix:
  0.000  1.000  0.000  0.000
 -1.000  0.000 -0.000  0.000
 -0.000  0.000  1.000  0.000
  0.000  0.000  0.000  1.000
At time 1697361217.73653381
- Translation: [0.000, 0.000, 0.000]
- Rotation: in Quaternion [0.000, 0.000, 0.914, -0.405]
- Rotation: in RPY (radian) [0.000, -0.000, -2.307]
- Rotation: in RPY (degree) [0.000, -0.000, -132.166]
- Matrix:
 -0.671  0.741  0.000  0.000
 -0.741 -0.671  0.000  0.000
  0.000  0.000  1.000  0.000
  0.000  0.000  0.000  1.000
At time 1697361218.82369457
- Translation: [0.000, 0.000, 0.000]
- Rotation: in Quaternion [0.000, 0.000, 0.996, 0.086]
- Rotation: in RPY (radian) [0.000, -0.000, 2.968]
- Rotation: in RPY (degree) [0.000, -0.000, 170.079]
- Matrix:
 -0.985 -0.172  0.000  0.000
  0.172 -0.985  0.000  0.000
  0.000  0.000  1.000  0.000
  0.000  0.000  0.000  1.000
At time 1697361219.73832737
- Translation: [-0.259, 0.489, 0.000]
- Rotation: in Quaternion [0.000, 0.000, 0.850, 0.527]
- Rotation: in RPY (radian) [0.000, -0.000, 2.033]
- Rotation: in RPY (degree) [0.000, -0.000, 116.460]
- Matrix:
 -0.446 -0.895  0.000 -0.259
  0.895 -0.446  0.000  0.489
  0.000  0.000  1.000  0.000
  0.000  0.000  0.000  1.000
At time 1697361220.82186961
- Translation: [2.114, 0.069, 0.000]
- Rotation: in Quaternion [0.000, 0.000, -0.013, 1.000]
- Rotation: in RPY (radian) [0.000, 0.000, -0.026]
- Rotation: in RPY (degree) [0.000, 0.000, -1.478]
- Matrix:
  1.000  0.026  0.000  2.114
 -0.026  1.000 -0.000  0.069
 -0.000  0.000  1.000  0.000
  0.000  0.000  0.000  1.000
At time 1697361221.74228365
- Translation: [2.091, -0.184, 0.000]
- Rotation: in Quaternion [0.000, 0.000, -0.313, 0.950]
- Rotation: in RPY (radian) [0.000, 0.000, -0.636]
- Rotation: in RPY (degree) [0.000, 0.000, -36.462]
- Matrix:
  0.804  0.594  0.000  2.091
 -0.594  0.804 -0.000 -0.184
 -0.000  0.000  1.000  0.000
  0.000  0.000  0.000  1.000
At time 1697361222.82155268
- Translation: [1.300, -0.230, 0.000]
- Rotation: in Quaternion [0.000, 0.000, -0.306, 0.952]
- Rotation: in RPY (radian) [0.000, 0.000, -0.622]
- Rotation: in RPY (degree) [0.000, 0.000, -35.661]
- Matrix:
  0.812  0.583  0.000  1.300
 -0.583  0.812 -0.000 -0.230
 -0.000  0.000  1.000  0.000
  0.000  0.000  0.000  1.000
At time 1697361223.73549546
- Translation: [1.603, -0.305, 0.000]
- Rotation: in Quaternion [0.000, 0.000, -0.026, 1.000]
- Rotation: in RPY (radian) [0.000, 0.000, -0.053]
- Rotation: in RPY (degree) [0.000, 0.000, -3.029]
- Matrix:
  0.999  0.053  0.000  1.603
 -0.053  0.999 -0.000 -0.305
 -0.000  0.000  1.000  0.000
  0.000  0.000  0.000  1.000
At time 1697361224.82242293
- Translation: [1.489, -0.159, 0.000]
- Rotation: in Quaternion [0.000, 0.000, -0.194, 0.981]
- Rotation: in RPY (radian) [0.000, 0.000, -0.390]
- Rotation: in RPY (degree) [0.000, 0.000, -22.366]
- Matrix:
  0.925  0.381  0.000  1.489
 -0.381  0.925 -0.000 -0.159
 -0.000  0.000  1.000  0.000
  0.000  0.000  0.000  1.000
At time 1697361225.73915539
- Translation: [1.357, -0.119, 0.000]
- Rotation: in Quaternion [0.000, 0.000, 0.370, 0.929]
- Rotation: in RPY (radian) [0.000, -0.000, 0.758]
- Rotation: in RPY (degree) [0.000, -0.000, 43.430]
- Matrix:
  0.726 -0.687  0.000  1.357
  0.687  0.726  0.000 -0.119
  0.000  0.000  1.000  0.000
  0.000  0.000  0.000  1.000
At time 1697361226.81829568
- Translation: [0.677, -0.029, 0.000]
- Rotation: in Quaternion [0.000, 0.000, 0.711, 0.703]
- Rotation: in RPY (radian) [0.000, -0.000, 1.582]
- Rotation: in RPY (degree) [0.000, -0.000, 90.668]
- Matrix:
 -0.012 -1.000  0.000  0.677
  1.000 -0.012  0.000 -0.029
  0.000  0.000  1.000  0.000
  0.000  0.000  0.000  1.000
At time 1697361227.73667709
- Translation: [0.341, -0.007, 0.000]
- Rotation: in Quaternion [0.000, 0.000, 0.973, -0.231]
- Rotation: in RPY (radian) [0.000, -0.000, -2.674]
- Rotation: in RPY (degree) [0.000, -0.000, -153.230]
- Matrix:
 -0.893  0.450  0.000  0.341
 -0.450 -0.893  0.000 -0.007
  0.000  0.000  1.000  0.000
  0.000  0.000  0.000  1.000
At time 1697361228.82224190
- Translation: [-0.569, -0.802, 0.000]
- Rotation: in Quaternion [0.000, 0.000, -0.681, 0.732]
- Rotation: in RPY (radian) [0.000, 0.000, -1.498]
- Rotation: in RPY (degree) [0.000, 0.000, -85.822]
- Matrix:
  0.073  0.997  0.000 -0.569
 -0.997  0.073 -0.000 -0.802
 -0.000  0.000  1.000  0.000
  0.000  0.000  0.000  1.000
At time 1697361229.74227356
- Translation: [1.839, 0.906, 0.000]
- Rotation: in Quaternion [0.000, 0.000, 0.412, 0.911]
- Rotation: in RPY (radian) [0.000, -0.000, 0.848]
- Rotation: in RPY (degree) [0.000, -0.000, 48.601]
- Matrix:
  0.661 -0.750  0.000  1.839
  0.750  0.661  0.000  0.906
  0.000  0.000  1.000  0.000
  0.000  0.000  0.000  1.000
At time 1697361230.82384812
- Translation: [1.737, 0.538, 0.000]
- Rotation: in Quaternion [0.000, 0.000, -0.433, 0.901]
- Rotation: in RPY (radian) [0.000, 0.000, -0.896]
- Rotation: in RPY (degree) [0.000, 0.000, -51.338]
- Matrix:
  0.625  0.781  0.000  1.737
 -0.781  0.625 -0.000  0.538
 -0.000  0.000  1.000  0.000
  0.000  0.000  0.000  1.000
At time 1697361231.73453643
- Translation: [1.970, -0.224, 0.000]
- Rotation: in Quaternion [0.000, 0.000, -0.168, 0.986]
- Rotation: in RPY (radian) [0.000, 0.000, -0.338]
- Rotation: in RPY (degree) [0.000, 0.000, -19.381]
- Matrix:
  0.943  0.332  0.000  1.970
 -0.332  0.943 -0.000 -0.224
 -0.000  0.000  1.000  0.000
  0.000  0.000  0.000  1.000
At time 1697361232.81431034
- Translation: [1.869, -0.278, 0.000]
- Rotation: in Quaternion [0.000, 0.000, -0.119, 0.993]
- Rotation: in RPY (radian) [0.000, 0.000, -0.238]
- Rotation: in RPY (degree) [0.000, 0.000, -13.612]
- Matrix:
  0.972  0.235  0.000  1.869
 -0.235  0.972 -0.000 -0.278
 -0.000  0.000  1.000  0.000
  0.000  0.000  0.000  1.000
At time 1697361233.73827349
- Translation: [0.956, -0.070, 0.000]
- Rotation: in Quaternion [0.000, 0.000, -0.046, 0.999]
- Rotation: in RPY (radian) [0.000, 0.000, -0.091]
- Rotation: in RPY (degree) [0.000, 0.000, -5.220]
- Matrix:
  0.996  0.091  0.000  0.956
 -0.091  0.996 -0.000 -0.070
 -0.000  0.000  1.000  0.000
  0.000  0.000  0.000  1.000
At time 1697361234.81273138
- Translation: [0.476, -0.017, 0.000]
- Rotation: in Quaternion [0.000, 0.000, -0.009, 1.000]
- Rotation: in RPY (radian) [0.000, 0.000, -0.018]
- Rotation: in RPY (degree) [0.000, 0.000, -1.020]
- Matrix:
  1.000  0.018  0.000  0.476
 -0.018  1.000 -0.000 -0.017
 -0.000  0.000  1.000  0.000
  0.000  0.000  0.000  1.000
At time 1697361235.73604289
- Translation: [0.240, -0.004, 0.000]
- Rotation: in Quaternion [0.000, 0.000, 0.009, 1.000]
- Rotation: in RPY (radian) [0.000, -0.000, 0.017]
- Rotation: in RPY (degree) [0.000, -0.000, 0.993]
- Matrix:
  1.000 -0.017  0.000  0.240
  0.017  1.000  0.000 -0.004
  0.000  0.000  1.000  0.000
  0.000  0.000  0.000  1.000
At time 1697361236.82158617
- Translation: [0.119, -0.001, 0.000]
- Rotation: in Quaternion [0.000, 0.000, 0.018, 1.000]
- Rotation: in RPY (radian) [0.000, -0.000, 0.035]
- Rotation: in RPY (degree) [0.000, -0.000, 2.007]
- Matrix:
  0.999 -0.035  0.000  0.119
  0.035  0.999  0.000 -0.001
  0.000  0.000  1.000  0.000
  0.000  0.000  0.000  1.000
At time 1697361237.74076885
- Translation: [0.060, -0.000, 0.000]
- Rotation: in Quaternion [0.000, 0.000, 0.022, 1.000]
- Rotation: in RPY (radian) [0.000, -0.000, 0.044]
- Rotation: in RPY (degree) [0.000, -0.000, 2.494]
- Matrix:
  0.999 -0.044  0.000  0.060
  0.044  0.999  0.000 -0.000
  0.000  0.000  1.000  0.000
  0.000  0.000  0.000  1.000
At time 1697361238.81442648
- Translation: [0.952, 0.041, 0.000]
- Rotation: in Quaternion [0.000, 0.000, 0.022, 1.000]
- Rotation: in RPY (radian) [0.000, -0.000, 0.043]
- Rotation: in RPY (degree) [0.000, -0.000, 2.477]
- Matrix:
  0.999 -0.043  0.000  0.952
  0.043  0.999  0.000  0.041
  0.000  0.000  1.000  0.000
  0.000  0.000  0.000  1.000
At time 1697361239.73527831
- Translation: [1.084, 0.010, 0.000]
- Rotation: in Quaternion [0.000, 0.000, -0.659, 0.752]
- Rotation: in RPY (radian) [0.000, 0.000, -1.439]
- Rotation: in RPY (degree) [0.000, 0.000, -82.426]
- Matrix:
  0.132  0.991  0.000  1.084
 -0.991  0.132 -0.000  0.010
 -0.000  0.000  1.000  0.000
  0.000  0.000  0.000  1.000
At time 1697361240.82211827
- Translation: [0.538, 0.002, 0.000]
- Rotation: in Quaternion [0.000, 0.000, -0.848, 0.530]
- Rotation: in RPY (radian) [0.000, 0.000, -2.024]
- Rotation: in RPY (degree) [0.000, 0.000, -115.951]
- Matrix:
 -0.438  0.899  0.000  0.538
 -0.899 -0.438 -0.000  0.002
 -0.000  0.000  1.000  0.000
  0.000  0.000  0.000  1.000
At time 1697361241.73653672
- Translation: [0.186, -0.172, 0.000]
- Rotation: in Quaternion [0.000, 0.000, -0.849, 0.528]
- Rotation: in RPY (radian) [0.000, 0.000, -2.028]
- Rotation: in RPY (degree) [0.000, 0.000, -116.201]
- Matrix:
 -0.442  0.897  0.000  0.186
 -0.897 -0.442 -0.000 -0.172
 -0.000  0.000  1.000  0.000
  0.000  0.000  0.000  1.000
At time 1697361242.81762508
- Translation: [-0.545, -2.108, 0.000]
- Rotation: in Quaternion [0.000, 0.000, -0.796, 0.605]
- Rotation: in RPY (radian) [0.000, 0.000, -1.842]
- Rotation: in RPY (degree) [0.000, 0.000, -105.515]
- Matrix:
 -0.267  0.964  0.000 -0.545
 -0.964 -0.267 -0.000 -2.108
 -0.000  0.000  1.000  0.000
  0.000  0.000  0.000  1.000
At time 1697361243.74374408
- Translation: [2.693, -0.137, 0.000]
- Rotation: in Quaternion [0.000, 0.000, 0.296, 0.955]
- Rotation: in RPY (radian) [0.000, -0.000, 0.600]
- Rotation: in RPY (degree) [0.000, -0.000, 34.400]
- Matrix:
  0.825 -0.565  0.000  2.693
  0.565  0.825  0.000 -0.137
  0.000  0.000  1.000  0.000
  0.000  0.000  0.000  1.000
At time 1697361244.81825175
- Translation: [1.978, 1.047, 0.000]
- Rotation: in Quaternion [0.000, 0.000, 0.648, 0.762]
- Rotation: in RPY (radian) [0.000, -0.000, 1.409]
- Rotation: in RPY (degree) [0.000, -0.000, 80.755]
- Matrix:
  0.161 -0.987  0.000  1.978
  0.987  0.161  0.000  1.047
  0.000  0.000  1.000  0.000
  0.000  0.000  0.000  1.000
At time 1697361245.73760553
- Translation: [1.842, 1.645, 0.000]
- Rotation: in Quaternion [0.000, 0.000, 0.641, 0.768]
- Rotation: in RPY (radian) [0.000, -0.000, 1.391]
- Rotation: in RPY (degree) [0.000, -0.000, 79.722]
- Matrix:
  0.178 -0.984  0.000  1.842
  0.984  0.178  0.000  1.645
  0.000  0.000  1.000  0.000
  0.000  0.000  0.000  1.000
At time 1697361246.81472654
- Translation: [1.742, 1.216, 0.000]
- Rotation: in Quaternion [0.000, 0.000, 0.782, 0.623]
- Rotation: in RPY (radian) [0.000, -0.000, 1.797]
- Rotation: in RPY (degree) [0.000, -0.000, 102.957]
- Matrix:
 -0.224 -0.975  0.000  1.742
  0.975 -0.224  0.000  1.216
  0.000  0.000  1.000  0.000
  0.000  0.000  0.000  1.000
At time 1697361247.73760448
- Translation: [1.124, 1.126, 0.000]
- Rotation: in Quaternion [0.000, 0.000, 0.893, 0.449]
- Rotation: in RPY (radian) [0.000, -0.000, 2.209]
- Rotation: in RPY (degree) [0.000, -0.000, 126.593]
- Matrix:
 -0.596 -0.803  0.000  1.124
  0.803 -0.596  0.000  1.126
  0.000  0.000  1.000  0.000
  0.000  0.000  0.000  1.000
At time 1697361248.81868580
- Translation: [0.964, 1.640, 0.000]
- Rotation: in Quaternion [0.000, 0.000, 0.891, 0.454]
- Rotation: in RPY (radian) [0.000, -0.000, 2.200]
- Rotation: in RPY (degree) [0.000, -0.000, 126.029]
- Matrix:
 -0.588 -0.809  0.000  0.964
  0.809 -0.588  0.000  1.640
  0.000  0.000  1.000  0.000
  0.000  0.000  0.000  1.000
At time 1697361249.73978818
- Translation: [1.215, 1.970, 0.000]
- Rotation: in Quaternion [-0.000, -0.000, 0.680, 0.733]
- Rotation: in RPY (radian) [-0.000, -0.000, 1.496]
- Rotation: in RPY (degree) [-0.000, -0.000, 85.722]
- Matrix:
  0.075 -0.997 -0.000  1.215
  0.997  0.075  0.000  1.970
  0.000 -0.000  1.000  0.000
  0.000  0.000  0.000  1.000
At time 1697361250.81967725
- Translation: [3.071, 1.516, 0.000]
- Rotation: in Quaternion [0.000, 0.000, 0.250, 0.968]
- Rotation: in RPY (radian) [0.000, -0.000, 0.506]
- Rotation: in RPY (degree) [0.000, -0.000, 28.972]
- Matrix:
  0.875 -0.484  0.000  3.071
  0.484  0.875  0.000  1.516
  0.000  0.000  1.000  0.000
  0.000  0.000  0.000  1.000
At time 1697361251.74355276
- Translation: [2.741, 0.744, 0.000]
- Rotation: in Quaternion [0.000, 0.000, 0.457, 0.889]
- Rotation: in RPY (radian) [0.000, -0.000, 0.949]
- Rotation: in RPY (degree) [0.000, -0.000, 54.396]
- Matrix:
  0.582 -0.813  0.000  2.741
  0.813  0.582  0.000  0.744
  0.000  0.000  1.000  0.000
  0.000  0.000  0.000  1.000
At time 1697361252.82308827
- Translation: [2.963, 1.504, 0.000]
- Rotation: in Quaternion [0.000, 0.000, 0.339, 0.941]
- Rotation: in RPY (radian) [0.000, -0.000, 0.692]
- Rotation: in RPY (degree) [0.000, -0.000, 39.661]
- Matrix:
  0.770 -0.638  0.000  2.963
  0.638  0.770  0.000  1.504
  0.000  0.000  1.000  0.000
  0.000  0.000  0.000  1.000
At time 1697361253.74077180
- Translation: [3.655, 0.862, 0.000]
- Rotation: in Quaternion [0.000, 0.000, 0.119, 0.993]
- Rotation: in RPY (radian) [0.000, -0.000, 0.238]
- Rotation: in RPY (degree) [0.000, -0.000, 13.658]
- Matrix:
  0.972 -0.236  0.000  3.655
  0.236  0.972  0.000  0.862
  0.000  0.000  1.000  0.000
  0.000  0.000  0.000  1.000
At time 1697361254.81927023
- Translation: [3.018, 0.918, 0.000]
- Rotation: in Quaternion [0.000, 0.000, 0.324, 0.946]
- Rotation: in RPY (radian) [0.000, -0.000, 0.661]
- Rotation: in RPY (degree) [0.000, -0.000, 37.844]
- Matrix:
  0.790 -0.614  0.000  3.018
  0.614  0.790  0.000  0.918
  0.000  0.000  1.000  0.000
  0.000  0.000  0.000  1.000
At time 1697361255.73842615
- Translation: [2.076, 1.068, 0.000]
- Rotation: in Quaternion [0.000, 0.000, 0.637, 0.771]
- Rotation: in RPY (radian) [0.000, -0.000, 1.380]
- Rotation: in RPY (degree) [0.000, -0.000, 79.094]
- Matrix:
  0.189 -0.982  0.000  2.076
  0.982  0.189  0.000  1.068
  0.000  0.000  1.000  0.000
  0.000  0.000  0.000  1.000
At time 1697361256.81661310
- Translation: [1.614, 1.518, 0.000]
- Rotation: in Quaternion [0.000, 0.000, 0.711, 0.704]
- Rotation: in RPY (radian) [0.000, -0.000, 1.581]
- Rotation: in RPY (degree) [0.000, -0.000, 90.565]
- Matrix:
 -0.010 -1.000  0.000  1.614
  1.000 -0.010  0.000  1.518
  0.000  0.000  1.000  0.000
  0.000  0.000  0.000  1.000
At time 1697361257.73888630
- Translation: [1.165, 1.091, 0.000]
- Rotation: in Quaternion [0.000, 0.000, 0.863, 0.505]
- Rotation: in RPY (radian) [0.000, -0.000, 2.083]
- Rotation: in RPY (degree) [0.000, -0.000, 119.320]
- Matrix:
 -0.490 -0.872  0.000  1.165
  0.872 -0.490  0.000  1.091
  0.000  0.000  1.000  0.000
  0.000  0.000  0.000  1.000
At time 1697361258.81921596
- Translation: [1.218, 2.324, 0.000]
- Rotation: in Quaternion [0.000, 0.000, 0.631, 0.776]
- Rotation: in RPY (radian) [0.000, -0.000, 1.365]
- Rotation: in RPY (degree) [0.000, -0.000, 78.207]
- Matrix:
  0.204 -0.979  0.000  1.218
  0.979  0.204  0.000  2.324
  0.000  0.000  1.000  0.000
  0.000  0.000  0.000  1.000
At time 1697361259.73677425
- Translation: [3.414, 1.261, 0.000]
- Rotation: in Quaternion [0.000, 0.000, 0.157, 0.988]
- Rotation: in RPY (radian) [0.000, -0.000, 0.315]
- Rotation: in RPY (degree) [0.000, -0.000, 18.032]
- Matrix:
  0.951 -0.310  0.000  3.414
  0.310  0.951  0.000  1.261
  0.000  0.000  1.000  0.000
  0.000  0.000  0.000  1.000
At time 1697361260.81490862
- Translation: [3.056, 0.259, 0.000]
- Rotation: in Quaternion [0.000, 0.000, 0.388, 0.922]
- Rotation: in RPY (radian) [0.000, -0.000, 0.797]
- Rotation: in RPY (degree) [0.000, -0.000, 45.649]
- Matrix:
  0.699 -0.715  0.000  3.056
  0.715  0.699  0.000  0.259
  0.000  0.000  1.000  0.000
  0.000  0.000  0.000  1.000
At time 1697361261.74305249
- Translation: [2.025, 1.332, 0.000]
- Rotation: in Quaternion [0.000, 0.000, 0.568, 0.823]
- Rotation: in RPY (radian) [0.000, -0.000, 1.207]
- Rotation: in RPY (degree) [0.000, -0.000, 69.161]
- Matrix:
  0.356 -0.935  0.000  2.025
  0.935  0.356  0.000  1.332
  0.000  0.000  1.000  0.000
  0.000  0.000  0.000  1.000
At time 1697361262.81514562
- Translation: [2.860, 1.582, 0.000]
- Rotation: in Quaternion [0.000, 0.000, 0.317, 0.948]
- Rotation: in RPY (radian) [0.000, -0.000, 0.645]
- Rotation: in RPY (degree) [0.000, -0.000, 36.972]
- Matrix:
  0.799 -0.601  0.000  2.860
  0.601  0.799  0.000  1.582
  0.000  0.000  1.000  0.000
  0.000  0.000  0.000  1.000
At time 1697361263.74161024
- Translation: [2.690, 1.260, 0.000]
- Rotation: in Quaternion [0.000, 0.000, 0.393, 0.920]
- Rotation: in RPY (radian) [0.000, -0.000, 0.807]
- Rotation: in RPY (degree) [0.000, -0.000, 46.239]
- Matrix:
  0.692 -0.722  0.000  2.690
  0.722  0.692  0.000  1.260
  0.000  0.000  1.000  0.000
  0.000  0.000  0.000  1.000
At time 1697361264.81844605
- Translation: [2.560, 0.949, 0.000]
- Rotation: in Quaternion [0.000, 0.000, 0.543, 0.840]
- Rotation: in RPY (radian) [0.000, -0.000, 1.148]
- Rotation: in RPY (degree) [0.000, -0.000, 65.797]
- Matrix:
  0.410 -0.912  0.000  2.560
  0.912  0.410  0.000  0.949
  0.000  0.000  1.000  0.000
  0.000  0.000  0.000  1.000
At time 1697361265.74213362
- Translation: [1.848, 1.490, 0.000]
- Rotation: in Quaternion [0.000, 0.000, 0.661, 0.750]
- Rotation: in RPY (radian) [0.000, -0.000, 1.445]
- Rotation: in RPY (degree) [0.000, -0.000, 82.803]
- Matrix:
  0.125 -0.992  0.000  1.848
  0.992  0.125  0.000  1.490
  0.000  0.000  1.000  0.000
  0.000  0.000  0.000  1.000
At time 1697361266.81528625
- Translation: [2.658, 1.851, 0.000]
- Rotation: in Quaternion [0.000, 0.000, 0.385, 0.923]
- Rotation: in RPY (radian) [0.000, -0.000, 0.789]
- Rotation: in RPY (degree) [0.000, -0.000, 45.233]
- Matrix:
  0.704 -0.710  0.000  2.658
  0.710  0.704  0.000  1.851
  0.000  0.000  1.000  0.000
  0.000  0.000  0.000  1.000
At time 1697361267.73882515
- Translation: [3.074, 0.860, 0.000]
- Rotation: in Quaternion [0.000, 0.000, 0.379, 0.925]
- Rotation: in RPY (radian) [0.000, -0.000, 0.777]
- Rotation: in RPY (degree) [0.000, -0.000, 44.528]
- Matrix:
  0.713 -0.701  0.000  3.074
  0.701  0.713  0.000  0.860
  0.000  0.000  1.000  0.000
  0.000  0.000  0.000  1.000
At time 1697361268.82340867
- Translation: [3.353, 1.221, 0.000]
- Rotation: in Quaternion [0.000, 0.000, 0.253, 0.968]
- Rotation: in RPY (radian) [0.000, -0.000, 0.511]
- Rotation: in RPY (degree) [0.000, -0.000, 29.252]
- Matrix:
  0.872 -0.489  0.000  3.353
  0.489  0.872  0.000  1.221
  0.000  0.000  1.000  0.000
  0.000  0.000  0.000  1.000
At time 1697361269.73875403
- Translation: [3.415, 0.591, 0.000]
- Rotation: in Quaternion [0.000, 0.000, 0.275, 0.962]
- Rotation: in RPY (radian) [0.000, -0.000, 0.557]
- Rotation: in RPY (degree) [0.000, -0.000, 31.894]
- Matrix:
  0.849 -0.528  0.000  3.415
  0.528  0.849  0.000  0.591
  0.000  0.000  1.000  0.000
  0.000  0.000  0.000  1.000
At time 1697361270.81762568
- Translation: [2.442, 0.877, 0.000]
- Rotation: in Quaternion [0.000, 0.000, 0.589, 0.808]
- Rotation: in RPY (radian) [0.000, -0.000, 1.260]
- Rotation: in RPY (degree) [0.000, -0.000, 72.177]
- Matrix:
  0.306 -0.952  0.000  2.442
  0.952  0.306  0.000  0.877
  0.000  0.000  1.000  0.000
  0.000  0.000  0.000  1.000
At time 1697361271.73406730
- Translation: [2.494, 1.857, 0.000]
- Rotation: in Quaternion [0.000, 0.000, 0.448, 0.894]
- Rotation: in RPY (radian) [0.000, -0.000, 0.930]
- Rotation: in RPY (degree) [0.000, -0.000, 53.276]
- Matrix:
  0.598 -0.802  0.000  2.494
  0.802  0.598  0.000  1.857
  0.000  0.000  1.000  0.000
  0.000  0.000  0.000  1.000
At time 1697361272.81659363
- Translation: [2.941, 0.878, 0.000]
- Rotation: in Quaternion [0.000, 0.000, 0.469, 0.883]
- Rotation: in RPY (radian) [0.000, -0.000, 0.975]
- Rotation: in RPY (degree) [0.000, -0.000, 55.875]
- Matrix:
  0.561 -0.828  0.000  2.941
  0.828  0.561  0.000  0.878
  0.000  0.000  1.000  0.000
  0.000  0.000  0.000  1.000
At time 1697361273.73608763
- Translation: [2.235, 1.517, 0.000]
- Rotation: in Quaternion [0.000, 0.000, 0.520, 0.854]
- Rotation: in RPY (radian) [0.000, -0.000, 1.093]
- Rotation: in RPY (degree) [0.000, -0.000, 62.628]
- Matrix:
  0.460 -0.888  0.000  2.235
  0.888  0.460  0.000  1.517
  0.000  0.000  1.000  0.000
  0.000  0.000  0.000  1.000
At time 1697361274.81690512
- Translation: [3.161, 1.394, 0.000]
- Rotation: in Quaternion [0.000, 0.000, 0.254, 0.967]
- Rotation: in RPY (radian) [0.000, -0.000, 0.513]
- Rotation: in RPY (degree) [0.000, -0.000, 29.379]
- Matrix:
  0.871 -0.491  0.000  3.161
  0.491  0.871  0.000  1.394
  0.000  0.000  1.000  0.000
  0.000  0.000  0.000  1.000
At time 1697361275.73534858
- Translation: [3.764, 0.551, 0.000]
- Rotation: in Quaternion [0.000, 0.000, 0.053, 0.999]
- Rotation: in RPY (radian) [0.000, -0.000, 0.106]
- Rotation: in RPY (degree) [0.000, -0.000, 6.064]
- Matrix:
  0.994 -0.106  0.000  3.764
  0.106  0.994  0.000  0.551
  0.000  0.000  1.000  0.000
  0.000  0.000  0.000  1.000
At time 1697361276.81909685
- Translation: [2.985, 0.088, 0.000]
- Rotation: in Quaternion [0.000, 0.000, 0.445, 0.896]
- Rotation: in RPY (radian) [0.000, -0.000, 0.921]
- Rotation: in RPY (degree) [0.000, -0.000, 52.790]
- Matrix:
  0.605 -0.796  0.000  2.985
  0.796  0.605  0.000  0.088
  0.000  0.000  1.000  0.000
  0.000  0.000  0.000  1.000
At time 1697361277.73340188
- Translation: [1.454, 1.149, 0.000]
- Rotation: in Quaternion [-0.000, -0.000, 0.718, 0.696]
- Rotation: in RPY (radian) [-0.000, -0.000, 1.603]
- Rotation: in RPY (degree) [-0.000, -0.000, 91.832]
- Matrix:
 -0.032 -0.999 -0.000  1.454
  0.999 -0.032  0.000  1.149
  0.000 -0.000  1.000  0.000
  0.000  0.000  0.000  1.000
At time 1697361278.81316528
- Translation: [2.090, 2.011, 0.000]
- Rotation: in Quaternion [0.000, 0.000, 0.466, 0.885]
- Rotation: in RPY (radian) [0.000, -0.000, 0.969]
- Rotation: in RPY (degree) [0.000, -0.000, 55.506]
- Matrix:
  0.566 -0.824  0.000  2.090
  0.824  0.566  0.000  2.011
  0.000  0.000  1.000  0.000
  0.000  0.000  0.000  1.000
At time 1697361279.73966188
- Translation: [3.512, 0.984, 0.000]
- Rotation: in Quaternion [0.000, 0.000, 0.114, 0.993]
- Rotation: in RPY (radian) [0.000, -0.000, 0.229]
- Rotation: in RPY (degree) [0.000, -0.000, 13.136]
- Matrix:
  0.974 -0.227  0.000  3.512
  0.227  0.974  0.000  0.984
  0.000  0.000  1.000  0.000
  0.000  0.000  0.000  1.000
At time 1697361280.81777610
- Translation: [2.868, 0.653, 0.000]
- Rotation: in Quaternion [0.000, 0.000, 0.379, 0.925]
- Rotation: in RPY (radian) [0.000, -0.000, 0.778]
- Rotation: in RPY (degree) [0.000, -0.000, 44.576]
- Matrix:
  0.712 -0.702  0.000  2.868
  0.702  0.712  0.000  0.653
  0.000  0.000  1.000  0.000
  0.000  0.000  0.000  1.000
At time 1697361281.73681849
- Translation: [2.276, 1.419, 0.000]
- Rotation: in Quaternion [0.000, 0.000, 0.506, 0.863]
- Rotation: in RPY (radian) [0.000, -0.000, 1.061]
- Rotation: in RPY (degree) [0.000, -0.000, 60.784]
- Matrix:
  0.488 -0.873  0.000  2.276
  0.873  0.488  0.000  1.419
  0.000  0.000  1.000  0.000
  0.000  0.000  0.000  1.000
At time 1697361282.81443064
- Translation: [2.967, 1.286, 0.000]
- Rotation: in Quaternion [0.000, 0.000, 0.348, 0.937]
- Rotation: in RPY (radian) [0.000, -0.000, 0.711]
- Rotation: in RPY (degree) [0.000, -0.000, 40.756]
- Matrix:
  0.758 -0.653  0.000  2.967
  0.653  0.758  0.000  1.286
  0.000  0.000  1.000  0.000
  0.000  0.000  0.000  1.000
At time 1697361283.73879559
- Translation: [2.680, 1.085, 0.000]
- Rotation: in Quaternion [0.000, 0.000, 0.449, 0.894]
- Rotation: in RPY (radian) [0.000, -0.000, 0.930]
- Rotation: in RPY (degree) [0.000, -0.000, 53.312]
- Matrix:
  0.597 -0.802  0.000  2.680
  0.802  0.597  0.000  1.085
  0.000  0.000  1.000  0.000
  0.000  0.000  0.000  1.000
At time 1697361284.82134908
- Translation: [2.566, 1.472, 0.000]
- Rotation: in Quaternion [0.000, 0.000, 0.449, 0.894]
- Rotation: in RPY (radian) [0.000, -0.000, 0.931]
- Rotation: in RPY (degree) [0.000, -0.000, 53.326]
- Matrix:
  0.597 -0.802  0.000  2.566
  0.802  0.597  0.000  1.472
  0.000  0.000  1.000  0.000
  0.000  0.000  0.000  1.000
At time 1697361285.73724891
- Translation: [3.201, 1.159, 0.000]
